250 100 900000

Total Cores  |  MPI (P)   |   OMP (T)    |  Time (s) 
------------------------------------------------------
1            | 1          | 1            | 0.191410  
2            | 1          | 2            | 0.193353  
2            | 2          | 1            | 0.103070  
4            | 1          | 4            | 0.195045  
4            | 2          | 2            | 0.105247  
4            | 4          | 1            | 0.061290  
8            | 1          | 8            | 0.203282  
8            | 2          | 4            | 0.105478  
8            | 4          | 2            | 0.062806  
16           | 1          | 16           | 0.222045  
16           | 2          | 8            | 0.114819  
16           | 4          | 4            | 0.064765  
32           | 2          | 16           | 0.127770  
32           | 4          | 8            | 0.074792  
64           | 4          | 16           | 0.087869  

============================================================
           OPTIMAL CONFIGURATIONS PER CORE COUNT            
============================================================
Total Cores     | Best P       | Best T       | Best Time 
------------------------------------------------------------
1               | 1            | 1            | 0.191410  
2               | 2            | 1            | 0.103070  
4               | 4            | 1            | 0.061290  
8               | 4            | 2            | 0.062806  
16              | 4            | 4            | 0.064765  
32              | 4            | 8            | 0.074792  
64              | 4            | 16           | 0.087869

250 100 5000000

Total Cores  |  MPI (P)   |   OMP (T)    |  Time (s) 
------------------------------------------------------
1            | 1          | 1            | 1.027976  
2            | 1          | 2            | 1.051806  
2            | 2          | 1            | 0.514437  
4            | 1          | 4            | 1.070628  
4            | 2          | 2            | 0.530545  
4            | 4          | 1            | 0.446227  
8            | 1          | 8            | 1.075459  
8            | 2          | 4            | 0.535196  
8            | 4          | 2            | 0.284658  
16           | 1          | 16           | 1.091654  
16           | 2          | 8            | 0.545742  
16           | 4          | 4            | 0.281852  
32           | 2          | 16           | 0.556859  
32           | 4          | 8            | 0.290078  
64           | 4          | 16           | 0.342982  

============================================================
           OPTIMAL CONFIGURATIONS PER CORE COUNT            
============================================================
Total Cores     | Best P       | Best T       | Best Time 
------------------------------------------------------------
1               | 1            | 1            | 1.027976  
2               | 2            | 1            | 0.514437  
4               | 4            | 1            | 0.446227  
8               | 4            | 2            | 0.284658  
16              | 4            | 4            | 0.281852  
32              | 4            | 8            | 0.290078  
64              | 4            | 16           | 0.342982
500 200 3600000
Total Cores  |  MPI (P)   |   OMP (T)    |  Time (s) 
------------------------------------------------------
1            | 1          | 1            | 1.164214  
2            | 1          | 2            | 0.982476  
2            | 2          | 1            | 0.589576  
4            | 1          | 4            | 0.975039  
4            | 2          | 2            | 0.574549  
4            | 4          | 1            | 0.359737  
8            | 1          | 8            | 1.008219  
8            | 2          | 4            | 0.580613  
8            | 4          | 2            | 0.372023  
16           | 1          | 16           | 1.055113  
16           | 2          | 8            | 0.601885  
16           | 4          | 4            | 0.388904  
32           | 2          | 16           | 0.635818  
32           | 4          | 8            | 0.409167  
64           | 4          | 16           | 0.459101  

============================================================
           OPTIMAL CONFIGURATIONS PER CORE COUNT            
============================================================
Total Cores     | Best P       | Best T       | Best Time 
------------------------------------------------------------
1               | 1            | 1            | 1.164214  
2               | 2            | 1            | 0.589576  
4               | 4            | 1            | 0.359737  
8               | 4            | 2            | 0.372023  
16              | 4            | 4            | 0.388904  
32              | 4            | 8            | 0.409167  
64              | 4            | 16           | 0.459101

500 200 20000000
Total Cores  |  MPI (P)   |   OMP (T)    |  Time (s) 
------------------------------------------------------
1            | 1          | 1            | 8.204044  
2            | 1          | 2            | 5.277911  
2            | 2          | 1            | 3.157979  
4            | 1          | 4            | 5.305894  
4            | 2          | 2            | 3.093623  
4            | 4          | 1            | 1.903009  
8            | 1          | 8            | 5.323463  
8            | 2          | 4            | 3.117677  
8            | 4          | 2            | 1.932067  
16           | 1          | 16           | 5.446096  
16           | 2          | 8            | 3.150996  
16           | 4          | 4            | 1.963860  
32           | 2          | 16           | 3.198605  
32           | 4          | 8            | 1.995411  
64           | 4          | 16           | 2.026367  

============================================================
           OPTIMAL CONFIGURATIONS PER CORE COUNT            
============================================================
Total Cores     | Best P       | Best T       | Best Time 
------------------------------------------------------------
1               | 1            | 1            | 8.204044  
2               | 2            | 1            | 3.157979  
4               | 4            | 1            | 1.903009  
8               | 4            | 2            | 1.932067  
16              | 4            | 4            | 1.963860  
32              | 4            | 8            | 1.995411  
64              | 4            | 16           | 2.026367
1000 400 14000000
Total Cores  |  MPI (P)   |   OMP (T)    |  Time (s) 
------------------------------------------------------
1            | 1          | 1            | 4.528995  
2            | 1          | 2            | 4.300401  
2            | 2          | 1            | 2.370507  
4            | 1          | 4            | 4.518688  
4            | 2          | 2            | 2.268461  
4            | 4          | 1            | 1.527449  
8            | 1          | 8            | 4.448142  
8            | 2          | 4            | 2.385547  
8            | 4          | 2            | 1.585450  
16           | 1          | 16           | 5.257470  
16           | 2          | 8            | 2.508680  
16           | 4          | 4            | 1.657643  
32           | 2          | 16           | 2.828571  
32           | 4          | 8            | 1.837902  
64           | 4          | 16           | 1.977524  

============================================================
           OPTIMAL CONFIGURATIONS PER CORE COUNT            
============================================================
Total Cores     | Best P       | Best T       | Best Time 
------------------------------------------------------------
1               | 1            | 1            | 4.528995  
2               | 2            | 1            | 2.370507  
4               | 4            | 1            | 1.527449  
8               | 4            | 2            | 1.585450  
16              | 4            | 4            | 1.657643  
32              | 4            | 8            | 1.837902  
64              | 4            | 16           | 1.977524